5.0 0.0 0.0 1.0 0.0
0.1 0.0 0.0 1.0 0.0
0.1 0.0419 0.041799999999999997 1.0208999999999999 0.0
0.1 0.083699999999999997 0.083400000000000002 1.0418000000000001 0.0
0.1 0.12529999999999999 0.12429999999999999 1.0627 0.0
0.1 0.1668 0.16439999999999999 1.0833999999999999 0.0
0.1 0.2079 0.2034 1.1040000000000001 0.0
0.1 0.2487 0.2409 1.1243000000000001 0.0
0.1 0.28899999999999998 0.2767 1.1445000000000001 0.0
0.1 0.32890000000000003 0.31059999999999999 1.1644000000000001 0.0
0.1 0.36809999999999998 0.34229999999999999 1.1840999999999999 0.0
0.1 0.40670000000000001 0.37159999999999999 1.2034 0.0
0.1 0.4446 0.39829999999999999 1.2222999999999999 0.0
0.1 0.48180000000000001 0.42220000000000002 1.2408999999999999 0.0
0.1 0.51800000000000002 0.44309999999999999 1.2589999999999999 0.0
0.1 0.5534 0.46089999999999998 1.2766999999999999 0.0
0.1 0.58779999999999999 0.47549999999999998 1.2939000000000001 0.0
0.1 0.62109999999999999 0.48680000000000001 1.3106 0.0
0.1 0.65339999999999998 0.49459999999999998 1.3267 0.0
0.1 0.6845 0.499 1.3423 0.0
0.1 0.71450000000000002 0.49990000000000001 1.3572 0.0
0.1 0.74309999999999998 0.49730000000000002 1.3715999999999999 0.0
0.1 0.77049999999999996 0.49109999999999998 1.3853 0.0
0.1 0.79649999999999999 0.48159999999999997 1.3983000000000001 0.0
0.1 0.82110000000000005 0.46860000000000002 1.4106000000000001 0.0
0.1 0.84430000000000005 0.45240000000000002 1.4221999999999999 0.0
0.1 0.86599999999999999 0.433 1.4330000000000001 0.0
0.1 0.88619999999999999 0.41060000000000002 1.4431 0.0
0.1 0.90480000000000005 0.38529999999999998 1.4523999999999999 0.0
0.1 0.92190000000000005 0.35720000000000002 1.4609000000000001 0.0
0.1 0.93730000000000002 0.32669999999999999 1.4685999999999999 0.0
0.1 0.95109999999999995 0.29389999999999999 1.4755 0.0
0.1 0.96319999999999995 0.25900000000000001 1.4816 0.0
0.1 0.97360000000000002 0.2223 1.4867999999999999 0.0
0.1 0.98229999999999995 0.18410000000000001 1.4911000000000001 0.0
0.1 0.98929999999999996 0.14449999999999999 1.4945999999999999 0.0
0.1 0.99450000000000005 0.104 1.4973000000000001 0.0
0.1 0.998 0.062700000000000006 1.4990000000000001 0.0
0.1 0.99980000000000002 0.020899999999999998 1.4999 0.0
0.1 0.99980000000000002 -0.020899999999999998 1.4999 0.0
0.1 0.998 -0.062700000000000006 1.4990000000000001 0.0
0.1 0.99450000000000005 -0.104 1.4973000000000001 0.0
0.1 0.98929999999999996 -0.14449999999999999 1.4945999999999999 0.0
0.1 0.98229999999999995 -0.18410000000000001 1.4911000000000001 0.0
0.1 0.97360000000000002 -0.2223 1.4867999999999999 0.0
0.1 0.96319999999999995 -0.25900000000000001 1.4816 0.0
0.1 0.95109999999999995 -0.29389999999999999 1.4755 0.0
0.1 0.93730000000000002 -0.32669999999999999 1.4685999999999999 0.0
0.1 0.92190000000000005 -0.35720000000000002 1.4609000000000001 0.0
0.1 0.90480000000000005 -0.38529999999999998 1.4523999999999999 0.0
0.1 0.88619999999999999 -0.41060000000000002 1.4431 0.0
0.1 0.86599999999999999 -0.433 1.4330000000000001 0.0
0.1 0.84430000000000005 -0.45240000000000002 1.4221999999999999 0.0
0.1 0.82110000000000005 -0.46860000000000002 1.4106000000000001 0.0
0.1 0.79649999999999999 -0.48159999999999997 1.3983000000000001 0.0
0.1 0.77049999999999996 -0.49109999999999998 1.3853 0.0
0.1 0.74309999999999998 -0.49730000000000002 1.3715999999999999 0.0
0.1 0.71450000000000002 -0.49990000000000001 1.3572 0.0
0.1 0.6845 -0.499 1.3423 0.0
0.1 0.65339999999999998 -0.49459999999999998 1.3267 0.0
0.1 0.62109999999999999 -0.48680000000000001 1.3106 0.0
0.1 0.58779999999999999 -0.47549999999999998 1.2939000000000001 0.0
0.1 0.5534 -0.46089999999999998 1.2766999999999999 0.0
0.1 0.51800000000000002 -0.44309999999999999 1.2589999999999999 0.0
0.1 0.48180000000000001 -0.42220000000000002 1.2408999999999999 0.0
0.1 0.4446 -0.39829999999999999 1.2222999999999999 0.0
0.1 0.40670000000000001 -0.37159999999999999 1.2034 0.0
0.1 0.36809999999999998 -0.34229999999999999 1.1840999999999999 0.0
0.1 0.32890000000000003 -0.31059999999999999 1.1644000000000001 0.0
0.1 0.28899999999999998 -0.2767 1.1445000000000001 0.0
0.1 0.2487 -0.2409 1.1243000000000001 0.0
0.1 0.2079 -0.2034 1.1040000000000001 0.0
0.1 0.1668 -0.16439999999999999 1.0833999999999999 0.0
0.1 0.12529999999999999 -0.12429999999999999 1.0627 0.0
0.1 0.083699999999999997 -0.083400000000000002 1.0418000000000001 0.0
0.1 0.0419 -0.041799999999999997 1.0208999999999999 0.0
0.1 0.0 -0.0 1.0 0.0
0.1 -0.0419 0.041799999999999997 0.97909999999999997 0.0
0.1 -0.083699999999999997 0.083400000000000002 0.95820000000000005 0.0
0.1 -0.12529999999999999 0.12429999999999999 0.93730000000000002 0.0
0.1 -0.1668 0.16439999999999999 0.91659999999999997 0.0
0.1 -0.2079 0.2034 0.89600000000000002 0.0
0.1 -0.2487 0.2409 0.87570000000000003 0.0
0.1 -0.28899999999999998 0.2767 0.85550000000000004 0.0
0.1 -0.32890000000000003 0.31059999999999999 0.83560000000000001 0.0
0.1 -0.36809999999999998 0.34229999999999999 0.81589999999999996 0.0
0.1 -0.40670000000000001 0.37159999999999999 0.79659999999999997 0.0
0.1 -0.4446 0.39829999999999999 0.77769999999999995 0.0
0.1 -0.48180000000000001 0.42220000000000002 0.7591 0.0
0.1 -0.51800000000000002 0.44309999999999999 0.74099999999999999 0.0
0.1 -0.5534 0.46089999999999998 0.72330000000000005 0.0
0.1 -0.58779999999999999 0.47549999999999998 0.70609999999999995 0.0
0.1 -0.62109999999999999 0.48680000000000001 0.68940000000000001 0.0
0.1 -0.65339999999999998 0.49459999999999998 0.67330000000000001 0.0
0.1 -0.6845 0.499 0.65769999999999995 0.0
0.1 -0.71450000000000002 0.49990000000000001 0.64280000000000004 0.0
0.1 -0.74309999999999998 0.49730000000000002 0.62839999999999996 0.0
0.1 -0.77049999999999996 0.49109999999999998 0.61470000000000002 0.0
0.1 -0.79649999999999999 0.48159999999999997 0.60170000000000001 0.0
0.1 -0.82110000000000005 0.46860000000000002 0.58940000000000003 0.0
0.1 -0.84430000000000005 0.45240000000000002 0.57779999999999998 0.0
0.1 -0.86599999999999999 0.433 0.56699999999999995 0.0
0.1 -0.88619999999999999 0.41060000000000002 0.55689999999999995 0.0
0.1 -0.90480000000000005 0.38529999999999998 0.54759999999999998 0.0
0.1 -0.92190000000000005 0.35720000000000002 0.53910000000000002 0.0
0.1 -0.93730000000000002 0.32669999999999999 0.53139999999999998 0.0
0.1 -0.95109999999999995 0.29389999999999999 0.52449999999999997 0.0
0.1 -0.96319999999999995 0.25900000000000001 0.51839999999999997 0.0
0.1 -0.97360000000000002 0.2223 0.51319999999999999 0.0
0.1 -0.98229999999999995 0.18410000000000001 0.50890000000000002 0.0
0.1 -0.98929999999999996 0.14449999999999999 0.50539999999999996 0.0
0.1 -0.99450000000000005 0.104 0.50270000000000004 0.0
0.1 -0.998 0.062700000000000006 0.501 0.0
0.1 -0.99980000000000002 0.020899999999999998 0.50009999999999999 0.0
0.1 -0.99980000000000002 -0.020899999999999998 0.50009999999999999 0.0
0.1 -0.998 -0.062700000000000006 0.501 0.0
0.1 -0.99450000000000005 -0.104 0.50270000000000004 0.0
0.1 -0.98929999999999996 -0.14449999999999999 0.50539999999999996 0.0
0.1 -0.98229999999999995 -0.18410000000000001 0.50890000000000002 0.0
0.1 -0.97360000000000002 -0.2223 0.51319999999999999 0.0
0.1 -0.96319999999999995 -0.25900000000000001 0.51839999999999997 0.0
0.1 -0.95109999999999995 -0.29389999999999999 0.52449999999999997 0.0
0.1 -0.93730000000000002 -0.32669999999999999 0.53139999999999998 0.0
0.1 -0.92190000000000005 -0.35720000000000002 0.53910000000000002 0.0
0.1 -0.90480000000000005 -0.38529999999999998 0.54759999999999998 0.0
0.1 -0.88619999999999999 -0.41060000000000002 0.55689999999999995 0.0
0.1 -0.86599999999999999 -0.433 0.56699999999999995 0.0
0.1 -0.84430000000000005 -0.45240000000000002 0.57779999999999998 0.0
0.1 -0.82110000000000005 -0.46860000000000002 0.58940000000000003 0.0
0.1 -0.79649999999999999 -0.48159999999999997 0.60170000000000001 0.0
0.1 -0.77049999999999996 -0.49109999999999998 0.61470000000000002 0.0
0.1 -0.74309999999999998 -0.49730000000000002 0.62839999999999996 0.0
0.1 -0.71450000000000002 -0.49990000000000001 0.64280000000000004 0.0
0.1 -0.6845 -0.499 0.65769999999999995 0.0
0.1 -0.65339999999999998 -0.49459999999999998 0.67330000000000001 0.0
0.1 -0.62109999999999999 -0.48680000000000001 0.68940000000000001 0.0
0.1 -0.58779999999999999 -0.47549999999999998 0.70609999999999995 0.0
0.1 -0.5534 -0.46089999999999998 0.72330000000000005 0.0
0.1 -0.51800000000000002 -0.44309999999999999 0.74099999999999999 0.0
0.1 -0.48180000000000001 -0.42220000000000002 0.7591 0.0
0.1 -0.4446 -0.39829999999999999 0.77769999999999995 0.0
0.1 -0.40670000000000001 -0.37159999999999999 0.79659999999999997 0.0
0.1 -0.36809999999999998 -0.34229999999999999 0.81589999999999996 0.0
0.1 -0.32890000000000003 -0.31059999999999999 0.83560000000000001 0.0
0.1 -0.28899999999999998 -0.2767 0.85550000000000004 0.0
0.1 -0.2487 -0.2409 0.87570000000000003 0.0
0.1 -0.2079 -0.2034 0.89600000000000002 0.0
0.1 -0.1668 -0.16439999999999999 0.91659999999999997 0.0
0.1 -0.12529999999999999 -0.12429999999999999 0.93730000000000002 0.0
0.1 -0.083699999999999997 -0.083400000000000002 0.95820000000000005 0.0
0.1 -0.0419 -0.041799999999999997 0.97909999999999997 0.0
0.1 -0.0 -0.0 1.0 0.0